{
  "advancedEditorSelectedIdentifier" : "ProjectBrowser",
  "openSceneRelativePaths" : [
    "Immersive.usda"
  ],
  "recentIdentifiers" : {
    "AF09ED6F-1707-48FD-8720-65B998362C09" : [

    ]
  },
  "sceneCameraHistory" : {
    "AF09ED6F-1707-48FD-8720-65B998362C09" : [
      {
        "date" : 740550804.603947,
        "title" : "Untitled",
        "transform" : [
          0.98574394,
          5.7505023e-09,
          0.16825275,
          0,
          0.07210513,
          0.9035168,
          -0.4224431,
          0,
          -0.15201917,
          0.4285527,
          0.8906362,
          0,
          -0.13339785,
          0.12631266,
          -0.25045252,
          1
        ]
      },
      {
        "date" : 740550799.249557,
        "title" : "Untitled",
        "transform" : [
          0.98574394,
          5.7505023e-09,
          0.16825275,
          0,
          0.07210513,
          0.9035168,
          -0.4224431,
          0,
          -0.15201917,
          0.4285527,
          0.8906362,
          0,
          -0.17136517,
          0.1323892,
          -0.2598569,
          1
        ]
      },
      {
        "date" : 740550797.151193,
        "title" : "Untitled",
        "transform" : [
          0.98574394,
          5.7505023e-09,
          0.16825275,
          0,
          0.07210513,
          0.9035168,
          -0.4224431,
          0,
          -0.15201917,
          0.4285527,
          0.8906362,
          0,
          -0.089076385,
          0.15001146,
          -0.2542908,
          1
        ]
      },
      {
        "date" : 740550768.169372,
        "title" : "Untitled",
        "transform" : [
          0.98574394,
          5.7505023e-09,
          0.16825275,
          0,
          0.07210513,
          0.9035168,
          -0.4224431,
          0,
          -0.15201917,
          0.4285527,
          0.8906362,
          0,
          -0.1217154,
          0.1415219,
          -0.25577694,
          1
        ]
      },
      {
        "date" : 740550253.84375,
        "title" : "Untitled",
        "transform" : [
          0.98574394,
          5.7505023e-09,
          0.16825275,
          0,
          0.07210513,
          0.9035168,
          -0.4224431,
          0,
          -0.15201917,
          0.4285527,
          0.8906362,
          0,
          -0.10855183,
          0.23804179,
          -0.058041513,
          1
        ]
      },
      {
        "date" : 740550247.40111,
        "title" : "Untitled",
        "transform" : [
          0.98574394,
          5.7505023e-09,
          0.16825275,
          0,
          0.07210513,
          0.9035168,
          -0.4224431,
          0,
          -0.15201917,
          0.4285527,
          0.8906362,
          0,
          -0.09726332,
          0.2503249,
          -0.06202498,
          1
        ]
      },
      {
        "date" : 740550218.468977,
        "title" : "Untitled",
        "transform" : [
          0.98598933,
          5.7505023e-09,
          0.1668086,
          0,
          0.07148624,
          0.9035168,
          -0.42254826,
          0,
          -0.15071437,
          0.4285527,
          0.89085793,
          0,
          -0.06924999,
          0.17283684,
          -0.22297457,
          1
        ]
      },
      {
        "date" : 740550202.252965,
        "title" : "Untitled",
        "transform" : [
          0.98598933,
          5.7505023e-09,
          0.1668086,
          0,
          0.07148624,
          0.9035168,
          -0.42254826,
          0,
          -0.15071437,
          0.4285527,
          0.89085793,
          0,
          -0.05821663,
          0.18719667,
          -0.22801584,
          1
        ]
      },
      {
        "date" : 740549357.294523,
        "title" : "Untitled",
        "transform" : [
          0.98598933,
          5.7505023e-09,
          0.1668086,
          0,
          0.07148624,
          0.9035168,
          -0.42254826,
          0,
          -0.15071437,
          0.4285527,
          0.89085793,
          0,
          -0.05727215,
          0.18870813,
          -0.22858316,
          1
        ]
      },
      {
        "date" : 740549335.399995,
        "title" : "Untitled",
        "transform" : [
          0.98598933,
          5.7505023e-09,
          0.1668086,
          0,
          0.07148624,
          0.9035168,
          -0.42254826,
          0,
          -0.15071437,
          0.4285527,
          0.89085793,
          0,
          -0.15828651,
          0.17318079,
          -0.23820311,
          1
        ]
      }
    ]
  }
}